	Commodities/Industries	111CA	113FF	211	212	213	22	23	321	327	331	332	333	334	335	3361MV	3364OT	337	339	311FT	313TT	315AL	322	323	324	325	326	42	441	445	452	4A0	481	482	483	484	485	486	487OS	493	511	512	513	514	521CI	523	524	525	 HS	 ORE	532RL	5411	5415	5412OP	55	561	562	61	621	622	623	624	711AS	713	721	722	81	 GFGD	 GFGN	GFE	GSLG	GSLE
IOCode	Name	Farms	Forestryfishingandrelatedactivities	Oilandgasextraction	Miningexceptoilandgas	Supportactivitiesformining	Utilities	Construction	Woodproducts	Nonmetallicmineralproducts	Primarymetals	Fabricatedmetalproducts	Machinery	Computerandelectronicproducts	Electricalequipmentappliancesandcomponents	Motorvehiclesbodiesandtrailersandparts	Othertransportationequipment	Furnitureandrelatedproducts	Miscellaneousmanufacturing	Foodandbeverageandtobaccoproducts	Textilemillsandtextileproductmills	Apparelandleatherandalliedproducts	Paperproducts	Printingandrelatedsupportactivities	Petroleumandcoalproducts	Chemicalproducts	Plasticsandrubberproducts	Wholesaletrade	Motorvehicleandpartsdealers	Foodandbeveragestores	Generalmerchandisestores	Otherretail	Airtransportation	Railtransportation	Watertransportation	Trucktransportation	Transitandgroundpassengertransportation	Pipelinetransportation	Othertransportationandsupportactivities	Warehousingandstorage	Publishingindustriesexceptinternetincludessoftware	Motionpictureandsoundrecordingindustries	Broadcastingandtelecommunications	Dataprocessinginternetpublishingandotherinformationservices	FederalReservebankscreditintermediationandrelatedactivities	Securitiescommoditycontractsandinvestments	Insurancecarriersandrelatedactivities	Fundstrustsandotherfinancialvehicles	Housing	Otherrealestate	Rentalandleasingservicesandlessorsofintangibleassets	Legalservices	Computersystemsdesignandrelatedservices	Miscellaneousprofessionalscientificandtechnicalservices	Managementofcompaniesandenterprises	Administrativeandsupportservices	Wastemanagementandremediationservices	Educationalservices	Ambulatoryhealthcareservices	Hospitals	Nursingandresidentialcarefacilities	Socialassistance	Performingartsspectatorsportsmuseumsandrelatedactivities	Amusementsgamblingandrecreationindustries	Accommodation	Foodservicesanddrinkingplaces	Otherservicesexceptgovernment	Federalgeneralgovernmentdefense	Federalgeneralgovernmentnondefense	Federalgovernmententerprises	Stateandlocalgeneralgovernment	Stateandlocalgovernmententerprises
 111CA	Farms	55221	756	0	37	15	0	2162	0	0	0	0	0	0	0	0	0	0	440	207868	2975	0	0	0	0	5394	0	1900	224	994	215	280	0	0	0	0	0	0	66	0	1	0	0	0	0	0	0	0	4	2	0	1	1	438	20	782	0	153	3	67	67	0	0	217	45	942	20	3	-1211	2	2649	0
 113FF	Forestry,fishing,andrelatedactivities	19526	6763	0	77	0	0	0	16031	3	0	0	0	0	10	8	0	57	273	5814	0	57	4919	54	8	481	2654	0	0	252	0	1	0	0	0	0	0	0	2	0	0	0	0	0	0	0	0	0	0	0	0	0	0	79	7	1	0	78	0	160	134	0	0	152	226	5014	57	0	64	4	1272	0
 211	Oilandgasextraction	0	0	42854	54	6	77143	0	17	6	44	7	10	0	1	6	3	3	2	15	5	0	17	3	393068	7726	16	112	21	36	40	107	0	0	0	0	16	4352	0	15	9	3	15	2	0	6	3	0	0	93	102	7	3	77	210	23	19	23	42	203	87	30	20	47	142	250	151	0	0	952	0	13526
 212	Mining,exceptoilandgas	2751	4	85	10967	64	9089	17526	15	12351	25404	526	159	84	218	64	213	48	224	1966	140	2	2402	0	1487	4709	174	27	1	0	0	3	0	63	0	4	0	0	3	7	46	25	209	45	9	2	1	0	979	5041	332	1	0	899	76	208	55	207	0	65	39	14	159	513	72	248	407	0	780	0	1607	5711
 213	Supportactivitiesformining	0	0	5291	1356	1474	0	0	0	0	0	0	0	0	0	0	0	0	0	0	0	0	0	0	0	0	0	0	0	0	0	0	0	0	0	0	0	0	437	0	0	0	0	0	0	0	0	0	0	0	0	0	0	28	1	0	0	0	0	0	0	0	0	0	0	0	0	0	0	0	0	0
 22	Utilities	5091	61	2282	2360	270	5231	3341	1739	5750	8148	4483	2403	2570	1074	2790	1446	726	1028	10384	1435	207	7865	1516	3197	19539	3928	6853	1221	4465	2705	7734	185	37	968	768	697	267	1570	1956	608	240	2309	614	1472	1100	412	5	0	76698	1021	439	555	3238	5342	1533	441	8330	2298	5799	2418	935	688	2010	4070	8531	4254	2547	725	1855	20069	1291
 23	Construction	2248	44	5156	1447	631	7355	187	273	521	782	819	592	754	208	519	303	148	224	1308	126	34	731	397	4143	1446	536	1503	293	569	218	1808	6	696	34	213	673	1048	1410	219	102	55	1932	106	5284	642	107	21	63168	42081	166	148	41	819	739	362	35	357	497	639	391	344	116	255	909	1185	2995	3546	2281	2188	18278	30747
 321	Woodproducts	539	389	0	59	65	3	60264	24976	529	422	267	1008	870	317	3343	321	9290	1189	342	69	5	4568	9	1	390	1634	1885	98	459	175	909	0	1967	0	145	0	16	98	53	286	170	550	1371	120	2	23	0	297	3098	1003	10	8	655	3	634	47	87	346	179	8	710	14	210	787	3312	219	42	37	3	4338	149
 327	Nonmetallicmineralproducts	21	12	312	304	334	266	97439	1542	20820	3229	1635	2604	1222	1913	6790	466	404	904	5709	225	0	302	3	1241	1895	1952	308	228	93	237	818	1	7	0	46	2	4	52	32	19	4	1038	1088	74	39	19	0	3775	108	254	9	59	4207	120	1076	127	195	2630	1107	223	260	26	225	105	5154	1283	65	374	0	2029	1996
 331	Primarymetals	103	0	1246	642	498	11	5641	342	1327	84622	86750	39764	11769	22490	42425	13775	4367	7614	4977	268	0	429	42	188	460	2010	1041	10	0	1	830	0	1274	0	0	0	0	212	0	52	28	323	159	0	0	5	0	4	2531	467	0	6	2233	37	291	775	136	180	50	19	175	34	318	22	328	495	121	216	0	356	508
 332	Fabricatedmetalproducts	2654	146	1305	836	401	957	103593	3966	3513	5738	43227	33215	15186	10478	37148	13502	4105	5144	14239	741	219	4394	1698	578	9835	7414	1618	296	142	76	1947	359	149	1584	3297	386	1243	1381	227	1516	31	7430	1408	176	49	76	8	142	724	1108	86	693	5580	733	2059	2479	450	437	464	28	1089	48	707	1002	7841	4037	5342	843	371	3528	3497
 333	Machinery	3626	303	3321	5557	3221	1023	34769	615	313	1686	4175	38961	1097	2107	22333	5324	123	1132	2702	42	4	1109	1654	135	2975	1602	1699	138	66	32	459	7	84	10	361	138	399	1776	360	197	55	708	352	15	19	82	1	140	1109	600	26	429	2554	332	3473	3427	1874	230	274	95	71	20	108	136	1370	4852	803	84	57	3637	1011
 334	Computerandelectronicproducts	15	2	8	26	341	220	5950	646	972	1441	3533	6822	87226	4113	14839	10629	903	1899	1509	456	57	1653	1256	212	3792	1736	4206	372	315	53	1157	7	44	1	248	7	40	126	91	3122	1277	24095	2149	5761	763	67	175	8	220	245	1108	2853	8803	8431	3412	556	1563	2461	273	136	203	21	179	899	685	3555	18409	1572	0	2948	1030
 335	Electricalequipment,appliances,andcomponents	562	246	19	25	67	76	43023	927	175	2391	2876	13279	7534	10386	4725	3015	110	929	832	65	10	347	143	139	918	980	492	71	81	198	375	6	213	39	191	69	16	107	427	4	1	2506	385	125	65	49	0	35	210	399	613	623	5181	130	2383	778	884	43	349	261	275	17	201	382	2286	3062	1011	1112	51	2775	1724
 3361MV	Motorvehicles,bodiesandtrailers,andparts	952	98	133	508	158	99	8967	735	637	647	1194	11499	1739	543	171739	4923	358	399	1769	97	3	588	209	149	907	415	3663	6476	972	26	2718	0	109	1	9328	516	3	1188	498	731	55	514	45	303	239	49	0	0	254	699	0	18	2084	510	3898	1436	579	297	253	66	735	78	70	89	929	16507	4694	53	1659	6131	420
 3364OT	Othertransportationequipment	0	63	0	16	0	0	30	56	0	0	49	309	0	0	423	51212	0	0	0	0	0	0	0	0	0	0	10	42	0	0	0	1208	1508	931	8	40	0	728	0	0	0	1	0	0	0	1	0	0	0	6	0	0	1132	103	28	22	0	0	0	0	48	0	17	0	0	328	20775	300	1	16	111
 337	Furnitureandrelatedproducts	3	0	0	0	0	0	23082	1196	2	0	1	501	761	4	465	51	3645	361	0	0	0	2	0	0	0	427	521	148	0	0	633	2	0	2	0	0	0	15	0	1	0	90	441	0	0	0	0	11274	31	117	7	1	266	4	1	0	1	155	25	1	81	887	457	4	979	191	0	0	23	20	18
 339	Miscellaneousmanufacturing	316	4	8	29	12	5	1301	34	338	60	64	3407	16	676	2039	47	47	11744	50	78	310	2	18	16	1152	113	1169	156	167	3	1310	1	3	0	10	8	3	172	101	20	5	139	166	275	107	55	1	3	177	86	39	45	2975	27	2321	1056	667	21011	12767	1523	2127	143	402	429	1257	2599	302	441	0	11995	92
 311FT	Foodandbeverageandtobaccoproducts	27341	236	0	0	0	0	0	27	153	4	0	0	0	0	0	0	0	7	146013	10	922	743	912	262	4104	106	1222	4	2523	647	862	37	0	41	0	0	0	21	0	44	16	0	2	0	0	0	0	0	0	0	0	0	713	121	1	0	6239	13	8032	4692	3764	723	3497	8230	66246	866	1458	-278	334	33723	0
 313TT	Textilemillsandtextileproductmills	325	136	0	5	0	0	2526	924	467	0	0	1059	28	7	3300	1283	4220	2752	186	13576	4169	2705	576	72	3	2734	958	52	138	1954	2078	0	0	128	16	0	6	68	3	28	194	6	15	0	5	23	0	6	59	125	0	0	257	5	189	120	29	43	733	883	326	2	727	675	482	955	1611	181	2	1564	9
 315AL	Apparelandleatherandalliedproducts	64	0	0	0	0	3	0	0	2	0	0	0	1	0	2562	0	0	138	20	526	3627	0	1269	16	0	1	1127	21	1	1473	151	0	0	0	0	0	0	0	0	11	48	247	0	2	0	0	0	0	0	85	0	0	97	11	340	203	62	34	19	0	289	136	19	5	16	1680	147	10	115	3135	12
 322	Paperproducts	537	3	21	183	47	232	3383	745	2135	1735	2673	2687	2152	1574	2812	969	1570	2496	23443	646	77	46083	14697	348	6875	5524	3950	147	1255	371	1892	58	58	20	266	193	115	1492	135	4488	192	395	225	1186	300	254	5	6	354	467	374	211	3994	473	3033	294	323	2130	4201	1120	497	126	265	3411	4064	1042	243	1579	132	12884	11
 323	Printingandrelatedsupportactivities	52	2	5	7	0	18	98	30	0	0	4	38	0	15	6	0	0	0	371	0	112	0	3295	17	796	0	5351	125	184	37	3396	0	10	0	364	49	22	141	12	13321	1230	364	1293	729	5570	5378	0	0	38	360	839	226	7492	1300	3123	45	1010	2055	1535	182	992	1018	342	1395	902	1730	1056	1724	426	12826	514
 324	Petroleumandcoalproducts	17224	1449	1974	8158	2864	29294	60499	1061	1854	2331	1158	2010	716	1548	586	496	412	703	3545	286	37	2497	2259	20979	24540	1313	6710	682	851	467	2599	37967	11642	11308	51623	3777	1120	12851	1071	370	93	497	203	2188	310	78	12	838	2926	1476	162	390	1627	2277	5098	1485	758	880	3724	1426	601	305	1168	1967	4096	3107	25583	2339	3389	87286	13563
 325	Chemicalproducts	23083	2906	5768	1627	1079	3154	12968	2747	5636	2132	9057	5150	7898	3870	7684	2124	2232	6841	6376	14624	385	11038	6078	10550	242220	65917	1630	71	77	30	717	3	102	7	295	10	9	715	163	616	183	1069	249	258	210	61	0	176	5174	234	218	97	11727	2652	5768	931	762	31164	32104	2658	731	186	1076	131	994	4741	3249	1743	92	29773	1409
 326	Plasticsandrubberproducts	2014	90	26	1378	175	184	40709	869	1344	884	2828	9027	5149	2334	23099	3923	6813	5434	19194	629	219	2651	682	368	13031	17917	6771	2167	1924	324	4036	16	10	1	1823	48	117	2926	155	756	72	1888	264	76	108	505	1	1087	724	819	121	275	4728	246	1994	314	830	7029	2866	1277	643	53	272	166	7774	6850	1812	473	22	7986	1488
 42	Wholesaletrade	3181	53	73	97	0	1433	14	368	364	1127	877	2348	4699	2377	657	81	517	1573	4598	304	89	1831	169	91	4620	1021	22694	982	367	26	9362	54	0	0	32	0	5	0	0	2279	12	436	0	68	87	69	7	0	0	5039	0	0	0	0	47	8	0	308	22	0	0	0	63	0	3	24	0	0	1	21	0
 4A0	Otherretail	0	0	0	0	0	0	0	0	0	0	0	0	0	0	0	0	0	0	0	0	0	0	0	0	0	0	0	550	0	380	626	0	0	0	0	0	0	0	0	0	0	0	0	0	0	0	0	0	0	0	0	0	0	0	0	0	0	0	0	0	0	0	0	0	0	0	0	0	0	0	0
 481	Airtransportation	0	0	1	18	96	1027	642	265	334	226	698	613	336	47	226	208	215	301	721	55	25	275	508	94	351	447	2864	78	53	186	424	2	6	79	1554	19	2	1018	59	1254	422	675	921	4162	2193	989	118	1	2311	485	786	1551	4592	220	3416	465	897	1704	212	284	290	146	447	230	609	608	7724	1595	830	2747	63
 482	Railtransportation	0	0	0	0	0	188	3	0	0	0	0	0	0	0	0	0	0	1	0	0	0	0	4	0	0	0	39	2	6	0	26	0	27	0	2480	0	0	2	11	0	0	96	1	2	0	63	0	0	0	4	26	12	222	1	80	0	0	15	9	0	0	0	0	0	0	4	217	33	290	250	0
 483	Watertransportation	0	0	0	0	0	4	2	0	0	0	0	1	0	0	0	0	0	0	0	0	0	0	0	0	3	0	4	1	0	0	0	0	0	0	0	0	0	0	0	0	0	1	0	0	0	0	0	0	0	0	0	0	558	29	5	2	82	2	11	0	1	0	0	0	0	6	676	47	82	176	0
 484	Trucktransportation	288	0	0	0	231	0	0	51	40	33	133	76	93	20	85	65	44	126	87	27	10	46	54	7	106	61	2566	945	2076	3375	5105	2	75	91	3170	21	1	1132	69	258	83	3	118	0	312	66	2	0	0	90	56	30	968	2	207	56	25	123	94	21	40	34	8	31	162	170	3347	9	344	409	16
 485	Transitandgroundpassengertransportation	0	2	0	5	26	214	218	78	101	71	209	196	104	16	73	61	62	114	214	17	8	83	144	28	112	131	301	11	4	1	60	1	190	0	1	0	1	4	1	361	100	251	407	1801	668	678	34	1	930	173	371	577	2120	74	1218	126	410	836	523	354	70	1593	72	89	250	191	70	4	12	10570	141
 486	Pipelinetransportation	0	0	43	0	0	0	0	0	0	0	0	0	0	0	0	0	0	0	0	0	0	0	0	0	0	0	0	0	0	0	0	0	0	0	0	0	0	0	0	0	0	0	0	0	0	0	0	0	0	0	0	0	0	0	0	0	0	0	0	0	0	0	0	0	0	0	0	0	0	0	0
 487OS	Othertransportationandsupportactivities	0	371	1	122	2	8691	20	267	314	28	20	3	1	1	2	0	100	51	112	19	0	152	190	96	35	105	26575	1063	762	2072	7429	13695	178	3994	25540	358	233	24197	1084	4189	1367	128	1896	587	5058	1097	0	0	0	1624	733	398	6195	53	2837	593	421	1699	1474	309	650	865	322	129	355	1406	4	8	257	588	2133
 493	Warehousingandstorage	784	0	1	137	0	751	0	308	244	200	807	506	571	128	518	391	266	762	534	164	59	277	510	47	649	375	12662	1696	5604	9459	12611	14	0	249	4038	63	4	2937	3750	807	243	191	375	0	791	167	0	0	161	257	142	81	887	5	818	77	75	378	373	94	134	158	79	251	610	397	224	102	0	2771	181
 511	Publishingindustries,exceptinternet(includessoftware)	136	2	10	1	1	118	133	5	16	13	53	58	126	23	27	79	11	60	25	5	2	4	63	1	55	17	739	45	132	22	716	17	22	0	48	3	1	107	38	14411	122	269	580	424	826	291	15	0	351	701	388	406	3104	1407	1206	17	603	906	419	124	1169	50	94	132	103	1033	686	694	399	6815	50
 512	Motionpictureandsoundrecordingindustries	0	0	0	0	0	0	0	0	0	0	0	0	0	0	0	0	0	0	0	0	0	0	0	0	0	0	39	193	179	0	4	31	0	0	1	0	0	9	0	107	21601	27060	9	13	11	1	0	0	51	3	9	17	1379	147	66	0	1440	37	7	682	525	610	67	598	555	523	1795	194	79	390	0
 513	Broadcastingandtelecommunications	279	13	253	176	358	459	3313	391	504	300	1217	1305	1705	282	468	694	680	750	1191	165	90	462	646	154	1071	698	9402	1130	604	507	5524	666	31	478	1338	416	97	735	657	2033	1382	89430	2950	4802	11869	3365	196	1	17674	2170	3221	3493	8417	5351	7312	349	1975	5209	3547	954	1187	741	777	1112	2392	4172	4199	2213	633	29185	258
 514	Dataprocessing,internetpublishing,andotherinformationservices	0	1	58	6	10	1490	396	452	514	322	1015	1112	625	168	382	845	358	597	923	132	66	469	347	49	542	488	2066	572	588	601	2616	487	1	0	27	28	35	87	24	2532	367	1289	2284	2594	15301	1457	209	0	1075	1766	1288	1018	6295	4789	6566	404	1708	819	1481	184	321	306	382	279	1194	2473	7859	6647	443	9954	812
 521CI	FederalReservebanks,creditintermediation,andrelatedactivities	3935	169	458	558	651	11804	5407	602	1390	1114	2166	2115	1561	560	1037	868	630	1168	3729	435	243	676	768	354	2072	1787	16363	2333	2525	787	13289	1199	3746	209	3899	1794	197	978	401	4271	1951	2800	1320	84348	29300	12525	1526	47118	29400	16579	3104	3541	16545	15180	7217	417	3160	7556	1997	2202	894	719	3092	1465	2745	13081	460	359	3078	8497	8591
 523	Securities,commoditycontracts,andinvestments	555	77	212	847	1237	1725	2938	79	220	1923	3101	3138	848	496	1496	1225	823	1523	469	47	25	87	210	74	129	265	1926	214	339	46	1327	407	1095	2151	1139	322	107	486	66	1119	614	503	195	70878	59604	4756	79719	2	3411	1364	1313	637	4017	6580	2660	98	607	2284	10199	767	2990	565	283	780	533	17440	22	69	126	16323	3553
 524	Insurancecarriersandrelatedactivities	5412	131	209	431	448	698	83	229	433	294	533	930	848	434	499	231	233	368	1381	238	538	248	252	97	1254	348	16464	1752	1143	512	5496	458	12	834	8998	1877	104	2562	582	1720	1925	588	379	15851	13534	211869	1281	5901	17307	4062	4143	1210	10739	1120	8016	1629	1054	19354	31013	2556	2319	2327	2186	2179	3901	4186	2	3312	1169	100	3573
 525	Funds,trusts,andotherfinancialvehicles	0	0	0	0	0	0	0	0	0	0	0	0	0	0	0	0	0	0	0	0	0	0	0	0	0	0	0	0	0	0	0	0	0	0	0	0	0	0	0	0	0	0	0	0	4788	5836	1744	0	0	0	0	0	0	3	0	0	0	0	0	0	0	0	0	0	0	0	0	0	0	0	0
 HS	Housing	0	0	0	0	0	0	0	0	0	0	0	0	0	0	0	0	0	0	0	0	0	0	0	0	0	0	0	0	0	0	0	0	0	0	0	0	0	0	0	0	0	0	0	0	0	0	0	0	0	0	0	0	0	0	0	0	0	0	0	0	0	0	0	0	0	0	0	0	0	0	0
 ORE	Otherrealestate	1751	44	154	47	70	3733	6487	243	183	119	863	588	2435	200	730	1007	306	423	494	124	78	209	297	83	2637	350	44561	10177	13551	12956	65329	1871	153	1219	4985	331	270	3681	7137	4745	2434	13634	3567	8416	28314	8134	633	1994	133419	6646	18718	8168	40141	13276	14328	1548	25646	48372	18012	19773	14685	6942	9433	5808	31070	42709	3861	8724	1366	37694	3264
 532RL	Rentalandleasingservicesandlessorsofintangibleassets	3243	176	4348	1910	2208	1434	14327	405	979	800	2844	2838	3913	687	1894	1733	288	1753	4355	177	266	1250	1073	441	5597	1141	13325	589	1064	688	6746	7242	2351	45	9976	1495	18	1713	692	5645	2242	7270	4370	1703	5141	2549	17	2	4595	4259	2217	3253	11977	13979	5332	1441	3113	6568	5547	702	502	1637	1184	1550	5088	2811	695	347	259	9570	609
 5411	Legalservices	610	115	1639	651	904	6457	3700	302	399	316	795	1583	4576	336	1437	1777	248	1253	1040	145	78	362	372	298	4808	594	7135	316	384	385	2184	1920	374	293	106	338	118	468	373	2308	1060	3430	1100	5466	8328	9295	847	274	9079	4668	2355	3192	13817	8893	3902	405	438	4394	7694	922	586	1598	1975	3379	1598	2254	1289	569	949	10397	811
 5415	Computersystemsdesignandrelatedservices	355	35	341	40	24	1317	1378	171	193	189	635	989	1303	84	314	1053	139	345	527	78	41	195	424	155	537	305	3777	486	248	249	1968	438	433	13	134	42	10	207	195	2497	849	1678	3622	2258	7980	2055	138	28	4896	5005	1848	2747	8023	11441	4852	111	1028	2238	3705	600	453	231	538	285	702	1399	10967	14919	169	10454	1095
 5412OP	Miscellaneousprofessional,scientific,andtechnicalservices	1726	636	1657	1861	2609	13689	30580	2462	2956	2922	7193	6482	11049	1616	4385	5584	2407	6060	9102	1109	882	2773	3335	939	13197	4266	59762	7306	6276	7165	40772	2120	1581	1877	2528	1572	1681	1891	2185	18893	9714	42607	8181	33702	36288	17538	1876	1812	28644	12343	9987	17678	123711	43989	25812	2106	6217	23476	19590	5440	3771	6729	7036	9343	16979	14715	40327	20238	2150	45896	16508
 55	Managementofcompaniesandenterprises	0	0	7855	1889	1079	3	1868	3150	4268	3167	6839	8162	12451	2874	18772	10585	1855	7510	22119	2201	844	5545	3238	3177	47517	5047	45765	477	3128	16813	15713	530	0	398	4331	169	0	2106	287	3750	376	1413	943	11217	15631	2501	281	3	5003	1854	3585	3228	10145	6	11975	1644	1468	22755	4635	2149	1565	1791	1366	6572	27296	5251	0	0	0	0	0
 561	Administrativeandsupportservices	677	67	102	349	1020	6414	4817	1019	1534	2455	5690	2653	5818	740	1994	4569	566	1190	3138	453	790	1796	3828	759	3588	1780	28107	1906	2555	1225	12121	2298	767	1252	4100	1206	520	4461	1905	7441	1760	7760	4383	16252	14113	9411	124	471	123077	14819	8649	16206	37306	6867	20569	2534	3575	19765	18814	4159	2429	3068	2437	4338	5118	7175	14440	3226	2223	33502	5741
 562	Wastemanagementandremediationservices	14	9	370	200	70	659	1646	190	340	355	561	357	386	137	327	301	172	217	1465	153	34	418	202	253	2573	381	1488	345	525	220	1268	172	37	2595	402	1172	65	1040	318	104	61	182	62	10	467	585	0	13	11355	565	65	108	1226	662	1245	8135	694	1291	1258	738	384	146	532	1005	1539	1126	401	110	123	15454	2245
 61	Educationalservices	173	68	0	0	0	119	19	0	0	0	0	0	0	0	0	0	0	0	0	0	0	0	50	3	0	1	462	17	350	0	1827	37	9	0	0	0	4	8	0	0	0	118	58	49	10	0	0	0	0	0	0	22	36	0	152	0	2038	7	69	0	0	1086	161	0	0	1462	893	108	210	7540	11
 621	Ambulatoryhealthcareservices	0	0	0	0	0	0	0	0	0	0	0	0	0	0	0	0	0	0	0	0	0	0	0	0	0	0	0	0	0	0	0	0	0	0	0	0	0	0	0	0	0	0	0	0	0	0	0	0	0	0	0	0	207	0	50	0	0	7407	10518	46	1	52	2	0	0	30	0	408	0	1561	0
 622	Hospitals	0	0	0	0	0	0	0	0	0	0	0	0	0	0	0	0	0	0	0	0	0	0	0	0	0	0	0	0	0	0	0	0	0	0	0	0	0	0	0	0	0	0	0	0	0	0	0	0	0	0	0	0	0	0	0	0	0	0	323	0	0	0	0	0	0	0	0	0	0	0	0
 623	Nursingandresidentialcarefacilities	0	0	0	0	0	0	0	0	0	0	0	0	0	0	0	0	0	0	0	0	0	0	0	0	0	0	0	0	0	0	0	0	0	0	0	0	0	0	0	0	0	0	0	0	0	0	0	0	0	0	0	0	0	0	0	0	0	0	0	0	0	0	0	0	0	0	0	1382	0	325	0
 624	Socialassistance	0	0	0	0	0	0	0	0	0	0	0	0	0	0	0	0	0	0	0	0	0	0	0	0	0	0	0	0	0	0	0	0	0	0	0	0	0	0	0	0	0	0	0	0	0	0	0	0	0	0	0	0	0	0	0	0	0	0	0	0	0	0	0	0	0	0	0	12	0	1373	0
 711AS	Performingarts,spectatorsports,museums,andrelatedactivities	79	6	0	1	6	98	158	66	68	67	126	126	45	14	50	42	30	60	181	23	11	73	77	36	70	107	870	143	188	17	449	28	206	1	67	4	0	89	43	346	7183	11170	168	1483	680	317	58	0	1790	143	472	309	3159	1835	1385	78	562	427	341	141	193	13206	800	464	1209	967	1005	62	56	682	34
 713	Amusements,gambling,andrecreationindustries	76	1	0	2	13	132	111	35	44	30	93	83	45	6	30	28	28	49	95	7	4	37	67	13	47	61	390	3	61	0	487	0	1	0	1	0	0	6	1	174	47	114	193	853	314	223	16	0	345	54	199	300	840	711	759	62	183	408	18	62	67	82	31	363	262	101	749	4	4	998	190
 721	Accommodation	5	0	1	11	53	739	774	154	200	141	415	386	206	32	142	123	124	225	425	34	15	165	568	56	220	347	705	9	85	2	278	2	6	0	3	49	7	154	50	884	272	593	1003	4361	1626	1099	83	1	2464	465	816	1656	4016	438	2708	455	624	1445	94	183	172	86	138	263	623	444	1393	488	46	2972	132
 722	Foodservicesanddrinkingplaces	201	0	2	17	545	2679	1011	447	512	444	1005	980	430	99	371	314	274	520	1238	132	64	492	659	230	546	690	3140	258	292	84	1310	1748	5	0	467	22	7	191	27	1387	479	854	1492	11730	2348	2916	340	1	10901	1092	2151	3004	11568	1995	6068	609	1072	6286	4925	906	1225	200	345	1919	1996	1406	1069	210	949	15208	277
 81	Otherservices,exceptgovernment	605	243	39	82	374	964	4447	481	868	1196	1466	987	1121	309	804	556	273	485	2023	240	63	1107	645	537	2071	880	14970	1095	2224	875	6286	126	79	60	1171	437	97	1140	1665	1350	290	4418	1653	11583	3234	1488	75	80	9701	4088	1245	1706	9325	5757	7436	1761	2495	5907	11488	1726	894	1033	1832	1784	5624	6124	2057	570	816	18475	1457
 GFGD	Federalgeneralgovernment(defense)	0	0	0	0	0	0	0	0	0	0	0	0	0	0	0	0	0	0	0	0	0	0	0	0	0	0	0	0	0	0	0	0	0	0	0	0	0	0	0	0	0	0	0	0	0	0	0	0	0	0	0	0	0	0	0	0	0	0	0	0	0	0	0	0	0	0	0	0	0	0	0
 GFGN	Federalgeneralgovernment(nondefense)	0	0	0	0	0	0	0	0	0	0	0	0	0	0	0	0	0	0	0	0	0	0	0	0	0	0	0	0	0	0	0	0	0	0	0	0	0	0	0	0	0	0	0	0	0	0	0	0	0	0	0	0	0	0	0	0	0	0	0	0	0	0	0	0	0	0	0	0	0	0	0
 GFE	Federalgovernmententerprises	49	8	0	6	0	395	33	0	0	39	73	773	66	347	0	0	0	49	0	5	0	0	221	63	117	0	11034	485	451	857	3719	0	0	619	9907	149	116	7316	429	1707	612	242	871	2570	3830	487	0	0	192	703	429	243	3584	274	1680	181	655	1087	1262	302	324	235	163	1284	3204	1282	2	195	0	2842	160
 GSLG	Stateandlocalgeneralgovernment	0	0	0	0	0	0	0	0	0	0	0	0	0	0	0	0	0	0	0	0	0	0	0	0	0	0	0	0	0	0	0	0	0	0	0	0	0	0	0	0	0	0	0	0	0	0	0	0	0	0	0	0	0	0	0	0	0	0	0	0	0	0	0	0	0	0	0	0	0	0	0
 GSLE	Stateandlocalgovernmententerprises	0	4	0	0	0	379	0	55	125	136	196	122	165	57	131	111	47	75	594	61	13	161	65	96	1138	123	500	89	219	90	481	0	0	0	42	0	0	3	132	57	45	85	38	124	255	93	0	0	524	449	260	100	886	277	726	77	90	400	379	247	938	59	125	402	634	488	561	253	253	3236	643
 Used	Scrap,usedandsecondhandgoods	-45	2	0	-27	29	151	95	0	233	30488	323	4	0	0	0	0	0	4	0	44	0	3522	0	0	51	76	1	6	0	0	1	-206	0	-54	6	1	5	1321	2	0	2	1	0	0	0	0	0	0	0	-19	0	0	0	364	0	0	23	20	0	0	0	-13	420	0	0	1561	-6	0	0	0	0
 Other	Noncomparableimportsandrest-of-the-worldadjustment[1]	592	46	712	33	167	827	2320	170	207	623	708	995	1523	371	1536	660	144	484	1773	86	43	480	339	1682	2374	577	3192	38	396	429	1113	12007	182	2177	647	8	41	341	62	1071	428	9339	1459	2079	20386	1794	192	771	1752	578	395	947	2386	2529	1186	111	501	0	0	151	0	220	161	644	1365	310	16816	3105	946	0	0